[gd_scene load_steps=13 format=3 uid="uid://pnnlhlv4kfye"]

[ext_resource type="Script" path="res://assets/scripts/sdriver.gd" id="1_xfgxn"]
[ext_resource type="Animation" uid="uid://bhdguq52wjbvx" path="res://assets/models/SDriver/animation/ArmatureAction.res" id="2_msyqj"]
[ext_resource type="ArrayMesh" uid="uid://yng1xhjbo52" path="res://assets/models/SDriver/mesh/SDriver_Cylinder.res" id="3_vqt31"]
[ext_resource type="Shader" path="res://assets/vfx/sdriver.gdshader" id="4_6avco"]
[ext_resource type="AudioStream" uid="uid://mx5acjkbdr53" path="res://assets/sounds/sonic_01.mp3" id="4_us11e"]
[ext_resource type="Texture2D" uid="uid://dr6yp1613j45e" path="res://assets/models/SDriver/SDriver_SDriverColor.png" id="5_oh4tk"]
[ext_resource type="Texture2D" uid="uid://c2m2mqqo2dxv6" path="res://assets/models/SDriver/SDriver_SDriverLight.png" id="6_naxl4"]

[sub_resource type="Animation" id="Animation_2ylkn"]
length = 0.001
tracks/0/type = "position_3d"
tracks/0/imported = false
tracks/0/enabled = true
tracks/0/path = NodePath("Armature/Skeleton3D:Head")
tracks/0/interp = 1
tracks/0/loop_wrap = true
tracks/0/keys = PackedFloat32Array(0, 1, -2.22045e-16, 0, 0.724517)
tracks/1/type = "position_3d"
tracks/1/imported = false
tracks/1/enabled = true
tracks/1/path = NodePath("Armature/Skeleton3D:Hand.004")
tracks/1/interp = 1
tracks/1/loop_wrap = true
tracks/1/keys = PackedFloat32Array(0, 1, 0, 0, 0)
tracks/2/type = "position_3d"
tracks/2/imported = false
tracks/2/enabled = true
tracks/2/path = NodePath("Armature/Skeleton3D:Hand.001")
tracks/2/interp = 1
tracks/2/loop_wrap = true
tracks/2/keys = PackedFloat32Array(0, 1, 9.73452e-08, -5.96046e-08, 9.73452e-08)
tracks/3/type = "position_3d"
tracks/3/imported = false
tracks/3/enabled = true
tracks/3/path = NodePath("Armature/Skeleton3D:Hand.002")
tracks/3/interp = 1
tracks/3/loop_wrap = true
tracks/3/keys = PackedFloat32Array(0, 1, 6.18264e-14, -1.19209e-07, 1.9469e-07)
tracks/4/type = "position_3d"
tracks/4/imported = false
tracks/4/enabled = true
tracks/4/path = NodePath("Armature/Skeleton3D:Hand.003")
tracks/4/interp = 1
tracks/4/loop_wrap = true
tracks/4/keys = PackedFloat32Array(0, 1, -9.73452e-08, -1.78814e-07, 9.73452e-08)
tracks/5/type = "value"
tracks/5/imported = false
tracks/5/enabled = true
tracks/5/path = NodePath("Armature/Skeleton3D/SDriver:surface_material_override/0:shader_parameter/emission")
tracks/5/interp = 1
tracks/5/loop_wrap = true
tracks/5/keys = {
"times": PackedFloat32Array(0),
"transitions": PackedFloat32Array(1),
"update": 0,
"values": [0.2]
}
tracks/6/type = "value"
tracks/6/imported = false
tracks/6/enabled = true
tracks/6/path = NodePath("Armature/Skeleton3D/SDriver:surface_material_override/0:shader_parameter/color")
tracks/6/interp = 1
tracks/6/loop_wrap = true
tracks/6/keys = {
"times": PackedFloat32Array(0),
"transitions": PackedFloat32Array(1),
"update": 0,
"values": [Vector3(0.215, 1, 0)]
}

[sub_resource type="Animation" id="Animation_trk62"]
resource_name = "warnind"
loop_mode = 1
tracks/0/type = "position_3d"
tracks/0/imported = false
tracks/0/enabled = true
tracks/0/path = NodePath("Armature/Skeleton3D:Head")
tracks/0/interp = 1
tracks/0/loop_wrap = true
tracks/0/keys = PackedFloat32Array(0, 1, -2.22045e-16, 0, 0.724517)
tracks/1/type = "position_3d"
tracks/1/imported = false
tracks/1/enabled = true
tracks/1/path = NodePath("Armature/Skeleton3D:Hand.004")
tracks/1/interp = 1
tracks/1/loop_wrap = true
tracks/1/keys = PackedFloat32Array(0, 1, 0, 0, 0)
tracks/2/type = "rotation_3d"
tracks/2/imported = false
tracks/2/enabled = true
tracks/2/path = NodePath("Armature/Skeleton3D:Hand.004")
tracks/2/interp = 1
tracks/2/loop_wrap = true
tracks/2/keys = PackedFloat32Array(0, 1, -0.171941, -2.63212e-07, 1.15466e-07, 0.985107)
tracks/3/type = "position_3d"
tracks/3/imported = false
tracks/3/enabled = true
tracks/3/path = NodePath("Armature/Skeleton3D:Hand.001")
tracks/3/interp = 1
tracks/3/loop_wrap = true
tracks/3/keys = PackedFloat32Array(0, 1, 9.73452e-08, -5.96046e-08, 9.73452e-08)
tracks/4/type = "rotation_3d"
tracks/4/imported = false
tracks/4/enabled = true
tracks/4/path = NodePath("Armature/Skeleton3D:Hand.001")
tracks/4/interp = 1
tracks/4/loop_wrap = true
tracks/4/keys = PackedFloat32Array(0, 1, -0.0325696, -0.186602, -0.168828, 0.967272)
tracks/5/type = "position_3d"
tracks/5/imported = false
tracks/5/enabled = true
tracks/5/path = NodePath("Armature/Skeleton3D:Hand.002")
tracks/5/interp = 1
tracks/5/loop_wrap = true
tracks/5/keys = PackedFloat32Array(0, 1, 6.18264e-14, -1.19209e-07, 1.9469e-07)
tracks/6/type = "rotation_3d"
tracks/6/imported = false
tracks/6/enabled = true
tracks/6/path = NodePath("Armature/Skeleton3D:Hand.002")
tracks/6/interp = 1
tracks/6/loop_wrap = true
tracks/6/keys = PackedFloat32Array(0, 1, 0.159602, -0.366448, -0.06396, 0.914414)
tracks/7/type = "position_3d"
tracks/7/imported = false
tracks/7/enabled = true
tracks/7/path = NodePath("Armature/Skeleton3D:Hand.003")
tracks/7/interp = 1
tracks/7/loop_wrap = true
tracks/7/keys = PackedFloat32Array(0, 1, -9.73452e-08, -1.78814e-07, 9.73452e-08)
tracks/8/type = "rotation_3d"
tracks/8/imported = false
tracks/8/enabled = true
tracks/8/path = NodePath("Armature/Skeleton3D:Hand.003")
tracks/8/interp = 1
tracks/8/loop_wrap = true
tracks/8/keys = PackedFloat32Array(0, 1, 0.0930342, -0.533024, 0.144597, 0.828446)
tracks/9/type = "value"
tracks/9/imported = false
tracks/9/enabled = true
tracks/9/path = NodePath("Armature/Skeleton3D/SDriver:surface_material_override/0:shader_parameter/emission")
tracks/9/interp = 1
tracks/9/loop_wrap = true
tracks/9/keys = {
"times": PackedFloat32Array(0, 0.5, 1),
"transitions": PackedFloat32Array(1, 1, 1),
"update": 0,
"values": [0.8, 1.0, 0.8]
}
tracks/10/type = "value"
tracks/10/imported = false
tracks/10/enabled = true
tracks/10/path = NodePath("Armature/Skeleton3D/SDriver:surface_material_override/0:shader_parameter/color")
tracks/10/interp = 1
tracks/10/loop_wrap = true
tracks/10/keys = {
"times": PackedFloat32Array(0),
"transitions": PackedFloat32Array(1),
"update": 0,
"values": [Vector3(1, 0, 0)]
}

[sub_resource type="AnimationLibrary" id="AnimationLibrary_meyto"]
_data = {
"ArmatureAction": ExtResource("2_msyqj"),
"RESET": SubResource("Animation_2ylkn"),
"Warning": SubResource("Animation_trk62")
}

[sub_resource type="Skin" id="Skin_iskee"]
resource_name = "Skin"
bind_count = 7
bind/0/name = &"Base"
bind/0/bone = -1
bind/0/pose = Transform3D(1, -3.89414e-07, 6.12946e-16, -6.12946e-16, 1.19345e-22, 1, -3.89414e-07, -1, -1.19345e-22, 0, 0, 0)
bind/1/name = &"Head"
bind/1/bone = -1
bind/1/pose = Transform3D(1, -3.89414e-07, 0, 0, 0, 1, -3.89414e-07, -1, 0, 2.22045e-16, -0.724517, -8.64674e-23)
bind/2/name = &"Hand.004"
bind/2/bone = -1
bind/2/pose = Transform3D(1, -8.68293e-07, 3.18007e-07, -5.0606e-09, 0.338761, 0.940873, -9.24681e-07, -0.940873, 0.338761, -2.30401e-07, -0.681678, -0.245438)
bind/3/name = &"Hand.001"
bind/3/bone = -1
bind/3/pose = Transform3D(0.873353, -0.371988, -0.314451, 0.338761, -7.45058e-08, 0.940873, -0.349993, -0.928238, 0.126015, 0.227825, -0.681678, -0.0912998)
bind/4/name = &"Hand.002"
bind/4/bone = -1
bind/4/pose = Transform3D(0.72325, -0.649753, -0.233944, -5.96046e-08, -0.338761, 0.940872, -0.690586, -0.680486, -0.245009, 0.169496, -0.681678, 0.177513)
bind/5/name = &"Hand.003"
bind/5/bone = -1
bind/5/pose = Transform3D(0.389955, -0.910067, 0.140403, -0.338761, -2.98023e-08, 0.940873, -0.856257, -0.414461, -0.308295, -0.101724, -0.681678, 0.223365)
bind/6/name = &"neutral_bone"
bind/6/bone = -1
bind/6/pose = Transform3D(1, 0, 0, 0, 0, -1, 0, 1, 0, 0, 0, 0)

[sub_resource type="ShaderMaterial" id="ShaderMaterial_kk0kc"]
render_priority = 0
shader = ExtResource("4_6avco")
shader_parameter/color = Vector3(0.215, 1, 0)
shader_parameter/emission = 0.2
shader_parameter/base_texture = ExtResource("5_oh4tk")
shader_parameter/light_texture = ExtResource("6_naxl4")

[node name="Sdriver" type="Node3D"]
script = ExtResource("1_xfgxn")

[node name="AnimationPlayer" type="AnimationPlayer" parent="."]
libraries = {
"": SubResource("AnimationLibrary_meyto")
}

[node name="Armature" type="Node3D" parent="."]

[node name="Skeleton3D" type="Skeleton3D" parent="Armature"]
bones/0/name = "Base"
bones/0/parent = -1
bones/0/rest = Transform3D(1, 0, -3.89414e-07, -3.89414e-07, 0, -1, 0, 1, 0, 0, 0, 0)
bones/0/enabled = true
bones/0/position = Vector3(0, 0, 0)
bones/0/rotation = Quaternion(0.707107, -1.37679e-07, -1.37679e-07, 0.707107)
bones/0/scale = Vector3(1, 1, 1)
bones/1/name = "Head"
bones/1/parent = -1
bones/1/rest = Transform3D(1, 0, -3.89414e-07, -3.89414e-07, 0, -1, 0, 1, 0, -2.22045e-16, 0, 0.724517)
bones/1/enabled = true
bones/1/position = Vector3(-2.22045e-16, 0, 0.724517)
bones/1/rotation = Quaternion(0.707107, -1.37679e-07, -1.37679e-07, 0.707107)
bones/1/scale = Vector3(1, 1, 1)
bones/2/name = "Hand.004"
bones/2/parent = 1
bones/2/rest = Transform3D(1, -1.36979e-07, -5.58292e-07, 3.18007e-07, 0.940873, 0.338761, 4.78878e-07, -0.338761, 0.940872, 0, 0, 0)
bones/2/enabled = true
bones/2/position = Vector3(0, 0, 0)
bones/2/rotation = Quaternion(-0.171941, -2.63212e-07, 1.15466e-07, 0.985107)
bones/2/scale = Vector3(1, 1, 1)
bones/3/name = "Hand.001"
bones/3/parent = 1
bones/3/rest = Transform3D(0.873353, 0.338761, -0.349993, -0.314451, 0.940872, 0.126015, 0.371987, -4.47035e-08, 0.928238, 9.73452e-08, -5.96046e-08, 9.73452e-08)
bones/3/enabled = true
bones/3/position = Vector3(9.73452e-08, -5.96046e-08, 9.73452e-08)
bones/3/rotation = Quaternion(-0.0325696, -0.186602, -0.168828, 0.967272)
bones/3/scale = Vector3(1, 1, 1)
bones/4/name = "Hand.002"
bones/4/parent = 1
bones/4/rest = Transform3D(0.723251, 8.9407e-08, -0.690586, -0.233944, 0.940873, -0.245009, 0.649753, 0.338761, 0.680487, 6.18264e-14, -1.19209e-07, 1.9469e-07)
bones/4/enabled = true
bones/4/position = Vector3(6.18264e-14, -1.19209e-07, 1.9469e-07)
bones/4/rotation = Quaternion(0.159602, -0.366447, -0.0639602, 0.914414)
bones/4/scale = Vector3(1, 1, 1)
bones/5/name = "Hand.003"
bones/5/parent = 1
bones/5/rest = Transform3D(0.389955, -0.338761, -0.856257, 0.140403, 0.940872, -0.308295, 0.910067, 1.3411e-07, 0.414461, -9.73452e-08, -1.78814e-07, 9.73452e-08)
bones/5/enabled = true
bones/5/position = Vector3(-9.73452e-08, -1.78814e-07, 9.73452e-08)
bones/5/rotation = Quaternion(0.0930344, -0.533024, 0.144597, 0.828446)
bones/5/scale = Vector3(1, 1, 1)
bones/6/name = "neutral_bone"
bones/6/parent = -1
bones/6/rest = Transform3D(1, 0, 0, 0, 0, 1, 0, -1, 0, 0, 0, 0)
bones/6/enabled = true
bones/6/position = Vector3(0, 0, 0)
bones/6/rotation = Quaternion(-0.707107, 0, 0, 0.707107)
bones/6/scale = Vector3(1, 1, 1)

[node name="SDriver" type="MeshInstance3D" parent="Armature/Skeleton3D"]
mesh = ExtResource("3_vqt31")
skin = SubResource("Skin_iskee")
surface_material_override/0 = SubResource("ShaderMaterial_kk0kc")

[node name="Screwdriver" type="AudioStreamPlayer3D" parent="."]
transform = Transform3D(1, 0, 0, 0, 1, 0, 0, 0, 1, 0, 0, 0.803388)
stream = ExtResource("4_us11e")
volume_db = -21.634
max_db = 1.642
panning_strength = 0.1
bus = &"Sdriver"
